 0 0 0 255 255 255
 1 1 1 255 255 255
 17 17 17 0 0 0
 33 33 33 1 1 1
 161 161 161 1 1 1
 34 34 34 2 2 2
 162 162 162 2 2 2
 35 35 35 3 3 3
 163 163 163 3 3 3
 36 36 36 4 4 4
 164 164 164 4 4 4
 37 37 37 5 5 5
 165 165 165 5 5 5
 38 38 38 6 6 6
 166 166 166 6 6 6
 39 39 39 7 7 7
 167 167 167 7 7 7
 40 40 40 8 8 8
 168 168 168 8 8 8
 49 49 49 9 9 9
 50 50 50 10 10 10
 65 65 65 11 11 11
 66 66 66 12 12 12
 67 67 67 13 13 13
 81 81 81 14 14 14
 82 82 82 15 15 15
 83 83 83 16 16 16
 84 84 84 17 17 17
 85 85 85 18 18 18
 86 86 86 19 19 19
 97 97 97 20 20 20
 98 98 98 255 255 255
 99 99 99 255 255 255
 100 100 100 255 255 255
 113 113 113 21 21 21
 255 255 255 255 255 255
