20 20 20 5 5 5
4 4 4 255 255 255
0 0 0 255 255 255
12 12 12 2 2 2
40 40 40 14 14 14
16 16 16 255 255 255
35 35 35 13 13 13
36 36 36 255 255 255
9 9 9 255 255 255
17 17 17 255 255 255
25 25 25 6 6 6
33 33 33 18 18 18
38 38 38 255 255 255
34 34 34 15 15 15
6 6 6 255 255 255
31 31 31 11 11 11
18 18 18 0 0 0
26 26 26 7 7 7
15 15 15 3 3 3
1 1 1 255 255 255
27 27 27 7 7 7
10 10 10 2 2 2
30 30 30 10 10 10
23 23 23 255 255 255
32 32 32 12 12 12
28 28 28 9 9 9
29 29 29 8 8 8
13 13 13 255 255 255
22 22 22 6 6 6
2 2 2 255 255 255
21 21 21 255 255 255
37 37 37 17 17 17
7 7 7 0 0 0
14 14 14 255 255 255
3 3 3 255 255 255
24 24 24 6 6 6
5 5 5 255 255 255
11 11 11 4 4 4
19 19 19 7 7 7
39 39 39 16 16 16
8 8 8 1 1 1
255 255 255 255 255 255 255