0 0 0 255 255 255
1 1 1 255 255 255
2 2 2 255 255 255
3 3 3 255 255 255
4 4 4 255 255 255
5 5 5 255 255 255
6 6 6 255 255 255
7 7 7 0 0 0
8 8 8 1 1 1
9 9 9 255 255 255
10 10 10 255 255 255
11 11 11 2 2 2
12 12 12 3 3 3
13 13 13 4 4 4
14 14 14 255 255 255
15 15 15 255 255 255
16 16 16 255 255 255
17 17 17 5 5 5
18 18 18 255 255 255
19 19 19 6 6 6
20 20 20 7 7 7
21 21 21 8 8 8
22 22 22 9 9 9
23 23 23 10 10 10
24 24 24 11 11 11
25 25 25 12 12 12
26 26 26 13 13 13
27 27 27 14 14 14
28 28 28 15 15 15
29 29 29 255 255 255
30 30 30 255 255 255
31 31 31 16 16 16
32 32 32 17 17 17
33 33 33 18 18 18