0 0 0 255 255 255
1 1 1 0 0 0
2 2 2 19 19 19
3 3 3 19 19 19
4 4 4 19 19 19
5 5 5 19 19 19
6 6 6 19 19 19
7 7 7 19 19 19
8 8 8 19 19 19
9 9 9 19 19 19
10 10 10 19 19 19
11 11 11 19 19 19
12 12 12 19 19 19
13 13 13 19 19 19
14 14 14 19 19 19
15 15 15 19 19 19
16 16 16 19 19 19
17 17 17 19 19 19
18 18 18 19 19 19
19 19 19 19 19 19
20 20 20 19 19 19
21 21 21 255 255 255
30 30 30 19 19 19
32 32 32 19 19 19
35 35 35 19 19 19
22 22 22 19 19 19
23 23 23 18 18 18
24 24 24 19 19 19
25 25 25 19 19 19
26 26 26 255 255 255
27 27 27 19 19 19
28 28 28 19 19 19
29 29 29 19 19 19
31 31 31 255 255 255
33 33 33 255 255 255
34 34 34 255 255 255
36 36 36 19 19 19
37 37 37 19 19 19
38 38 38 255 255 255
39 39 39 19 19 19
40 40 40 255 255 255
41 41 41 255 255 255
42 42 42 255 255 255
43 43 43 255 255 255