190 153 153 4 4 4
0 0 90 255 255 255
230 150 140 255 255 255
33 33 33 255 255 255
102 102 156 3 3 3
180 165 180 255 255 255
250 0 30 255 255 255
150 120 90 255 255 255
255 255 255 255 255 255
210 170 100 5 5 5
0 0 0 255 255 255
0 192 0 255 255 255
128 64 64 9 9 9
0 170 30 255 255 255
255 255 128 255 255 255
0 0 142 13 13 13
128 64 255 0 0 0
170 170 170 0 0 0
100 170 30 255 255 255
244 35 232 1 1 1
220 220 0 7 7 7
150 100 100 255 255 255
220 20 60 11 11 11
255 0 0 12 12 12
196 196 196 1 1 1
222 40 40 255 255 255
70 70 70 2 2 2
200 128 128 0 0 0
165 42 42 255 255 255
119 11 32 18 18 18
250 170 160 255 255 255
32 32 32 255 255 255
0 0 70 14 14 14
192 192 192 7 7 7
220 220 220 255 255 255
70 130 180 10 10 10
64 170 64 255 255 255
0 80 100 255 255 255
153 153 153 5 5 5
0 0 230 17 17 17
40 40 40 255 255 255
0 0 110 255 255 255
128 128 128 7 7 7
128 64 128 0 0 0
96 96 96 255 255 255
152 251 152 9 9 9
0 0 192 255 255 255
0 60 100 15 15 15
110 110 110 255 255 255
250 170 30 6 6 6
107 142 35 8 8 8