0 0 0 255 255 255
0 0 255 255 255 255
0 255 0 2 2 2
0 255 255 255 255 255
255 0 0 255 255 255
255 0 255 0 0 0
255 255 0 1 1 1
255 255 255 10 10 10
41 41 41 255 255 255
156 41 41 4 4 4
99 99 41 3 3 3
214 99 41 0 0 0
41 156 41 0 0 0
156 156 41 255 255 255
99 214 41 0 0 0
214 214 41 255 255 255
99 41 99 0 0 0
214 41 99 1 1 1
41 99 99 9 9 9
156 99 99 255 255 255
99 156 99 6 6 6
214 156 99 255 255 255
41 214 99 7 7 7
156 214 99 3 3 3
41 41 156 5 5 5
156 41 156 8 8 8
99 99 156 3 3 3
214 99 156 13 13 13
41 156 156 14 14 14
156 156 156 15 15 15
99 214 156 14 14 14
214 214 156 255 255 255
99 41 214 17 17 17
41 99 214 18 18 18
156 99 214 255 255 255
99 156 214 16 16 16
214 156 214 11 11 11
156 214 214 255 255 255