0 0 0 255 255 255
0 0 255 0 0 0
0 255 0 1 1 1
0 255 255 2 2 2
255 0 0 3 3 3
255 0 255 4 4 4
255 255 0 5 5 5
255 255 255 36 36 36
41 41 41 6 6 6
156 41 41 7 7 7
99 99 41 8 8 8
214 99 41 9 9 9
41 156 41 10 10 10
156 156 41 11 11 11
99 214 41 12 12 12
214 214 41 20 20 20
99 41 99 21 21 21
214 41 99 13 13 13
41 99 99 14 14 14
156 99 99 15 15 15
99 156 99 17 17 17
214 156 99 16 16 16
41 214 99 18 18 18
156 214 99 19 19 19
41 41 156 25 25 25
156 41 156 22 22 22
99 99 156 24 24 24
214 99 156 23 23 23
41 156 156 26 26 26
156 156 156 27 27 27
99 214 156 28 28 28
214 214 156 29 29 29
99 41 214 30 30 30
41 99 214 31 31 31
156 99 214 32 32 32
99 156 214 33 33 33
214 156 214 34 34 34
156 214 214 35 35 35
