0 0 255 0 0 0
0 255 0 1 1 1
255 255 255 2 2 2
214 156 214 3 3 3
255 0 255 4 4 4
255 255 0 5 5 5
41 41 41 6 6 6
156 41 41 7 7 7
99 99 41 8 8 8
214 99 41 9 9 9
41 156 41 10 10 10
156 156 41 11 11 11
99 214 41 12 12 12
99 41 99 13 13 13
214 41 99 13 13 13
41 99 99 14 14 14
156 99 99 15 15 15
99 214 156 16 16 16
99 156 99 17 17 17
41 214 99 18 18 18
156 214 99 19 19 19
214 214 41 20 20 20
156 156 156 21 21 21
156 41 156 22 22 22
214 99 156 23 23 23
99 99 156 24 24 24
41 41 156 25 25 25
214 156 99 255 255 255
41 156 156 255 255 255
214 214 156 255 255 255
99 41 214 255 255 255
41 99 214 255 255 255
156 99 214 255 255 255
99 156 214 255 255 255
0 255 255 255 255 255
255 0 0 255 255 255
156 214 214 255 255 255
0 255 255 255 255 255
255 0 0 255 255 255
0 0 0 255 255 255
